7340
9760
204387
258650
270130
334441
355900
361970
414470
435160
435210
442101
486000
486002
486003
525834
525835
533750
539820
547230
548690
550390
554077
558760
580570
596400
598010
605590
618280
626964
626967
637574
640460
641398
641520
641760
642120
642121
642122
642123
642124
642125
642126
642127
642128
642129
642130
642131
644180
655562
656006
658150
659428
662819
669350
681610
683646
692152
694640
694641
694642
697420
702722
729940
755450
770520
797770
797800
827392
838700
882710
914110
920342
920382
929350
940671
946570
1010120
1021910
1025510
1031480
1056360
1122050
1155040
1155041
1168400
1170060
1183220
1190840
1215770
1273440
1321160
1326270
1366100
1377800
1388280
1404231
1434240
1455640
1456460
1471780
1509650
1526380
1540780
1562460
1579850
1588610
1615270
1631380
1632170
1637390
1667370
1671290
1682270
1685690
1688860
1696800
1708810
1712620
1745460
1748410
1748411
1753180
1753181
1753182
1779480
1797960
1797961
1797962
1797963
1797964
1797965
1797966
1797967
1797968
1797969
1797970
1797971
1797972
1797973
1797980
1797981
1797982
1797983
1797984
1797985
1797986
1797987
1797988
1797989
1797990
1797991
1797992
1797993
1797994
1797995
1797996
1797997
1797998
1797999
1798002
1798003
1798004
1798005
1798006
1798007
1798008
1798009
1798040
1798041
1798050
1798051
1798052
1798053
1798054
1798055
1798056
1798057
1798058
1798059
1798060
1798061
1798062
1798063
1798064
1798065
1798066
1798067
1798068
1798069
1798070
1798071
1798072
1798073
1798074
1798075
1798076
1798077
1798078
1798079
1798080
1798081
1798082
1798083
1798084
1798085
1798086
1798087
1798088
1798089
1798090
1798091
1798092
1798093
1798094
1798095
1798096
1798097
1798098
1799310
1799311
1799312
1799313
1806440
1863290
1875500
1898240
1921830
1921831
1921832
1921833
1928710
1980680
1988400
1988500
2002110
2012710
2021900
