530
590
2530
3642
4610
5037
6610
7930
8510
15550
16098
17050
24430
26700
29100
34110
41030
47530
48810
57940
65770
72510
73000
73050
81845
92810
99110
99310
99850
104800
202550
206310
210290
210840
216850
225100
226170
228540
231230
232930
233030
235640
243600
246460
247890
250940
289970
295210
296350
307720
313990
321280
327360
335880
343970
344670
346860
348350
363690
365000
381570
397610
406910
415790
419400
424050
426650
430040
436720
439400
441520
442700
443230
445390
451820
458620
460980
461420
468430
468890
482770
497960
504740
507592
507594
507642
507881
507882
507911
507980
508000
508020
508131
508132
510160
517530
540630
542390
544450
549580
549602
551900
553510
556560
560800
565303
571490
573220
582420
587340
599500
600540
603600
606220
606740
616070
616100
616340
624140
624150
625020
625640
635772
637362
637450
644730
658460
661580
664880
666830
673790
674070
682320
693200
693290
712562
712564
712565
712569
712570
712571
712683
712684
712687
712690
712693
712696
713300
713990
716820
722650
724380
725860
727260
727770
749640
755120
758520
759380
759670
759910
764620
766491
769120
770282
771602
773100
775652
777973
778041
778660
778920
782550
786860
787292
791560
795462
796242
803712
803970
810150
813200
815340
815960
820270
823860
835780
841760
844840
845710
855680
880283
882450
892620
894130
898730
898820
900280
907290
908570
909450
910740
917110
919700
921410
927070
936250
964540
972310
974510
981360
985270
1000920
1003500
1005960
1011770
1017710
1018030
1028670
1028960
1031430
1034680
1051510
1051720
1052060
1070420
1071450
1071630
1073330
1074020
1084890
1087980
1088270
1096250
1098060
1103380
1107150
1125660
1126410
1133720
1139750
1141680
1142260
1168720
1183820
1184830
1185970
1196840
1203340
1207830
1208210
1209580
1215080
1218190
1219670
1225760
1227710
1230600
1241680
1241920
1247890
1257260
1258850
1260640
1288260
1292830
1294960
1295090
1296590
1298370
1301570
1303570
1304950
1305110
1305160
1305480
1306650
1308020
1308310
1310090
1310240
1310400
1310440
1310820
1311010
1311020
1311850
1311900
1311950
1312100
1312580
1312590
1313100
1313190
1313430
1313510
1313550
1313650
1313830
1313920
1314340
1314400
1314570
1314640
1315280
1315420
1315690
1316690
1316930
1317110
1317870
1318340
1318410
1318640
1318710
1318830
1318910
1318950
1319740
1319860
1320180
1320270
1320370
1320380
1320480
1320970
1321130
1321190
1321240
1321300
1321500
1321510
1321670
1321730
1321740
1321860
1322380
1322400
1322620
1322720
1322870
1322950
1323090
1323120
1323520
1323550
1323650
1323700
1323750
1323980
1324100
1324250
1324680
1324690
1325460
1325670
1325760
1325850
1326070
1326280
1326410
1326450
1326570
1326580
1326610
1326620
1326680
1326820
1327160
1327560
1327620
1327850
1327860
1328180
1328320
1335470
1335620
1337110
1337700
1338810
1341990
1347280
1359290
1378130
1379090
1392950
1394560
1402450
1403410
1403980
1408190
1409860
1411120
1414100
1415610
1418560
1439940
1441320
1442110
1444240
1444270
1455150
1456240
1459190
1460720
1463540
1470210
1473340
1478290
1478690
1482240
1484160
1486650
1487340
1491080
1498080
1498540
1507750
1515840
1523610
1529540
1539910
1539940
1543540
1543920
1551880
1559830
1561650
1575460
1582460
1591270
1592620
1593630
1595820
1602670
1604040
1607350
1611200
1629790
1632120
1633380
1635330
1636640
1639450
1648240
1668500
1677050
1679150
1684300
1690680
1709130
1719370
1726260
1743130
1753240
1756570
1759240
1766480
1769040
1772990
1778010
1778550
1779860
1788020
1799040
1814650
1821190
1824310
1825720
1828480
1830580
1834890
1839390
1839890
1845220
1849450
1854880
1859450
1860450
1861240
1864640
1866000
1868780
1874620
1879660
1886280
1891190
1895380
1902190
1905590
1906850
1912890
1913150
1913400
1914360
1917030
1917300
1917430
1920730
1923090
1924630
1932880
1937320
1937340
1938160
1947740
1948500
1950090
1951370
1952870
1953400
1959110
1962820
1965250
1965830
1966570
1972540
1974240
1975910
1977120
1978620
1978960
1985470
1985990
1986950
1987390
1988060
1989160
1991410
1994790
1994830
1998270
2001080
2004120
2004450
2004720
2005600
2007230
2011670
2011800
2012700
2013340
2014800
2016880
2017970
2018360
2018980
2021430
2023260
2025620
2027460
2050110
2051270
2055350
2056230
2056290
2057380
2057440
2057450
2059610
2059860
2061210
2061320
