249970
670530
690230
697990
832440
868840
984700
1046810
1066560
1079080
1164900
1177570
1193480
1205280
1210600
1217700
1269380
1277620
1288880
1289930
1296380
1298290
1298810
1299640
1304570
1306960
1310220
1310960
1313080
1313440
1315790
1316320
1316620
1316940
1317520
1318330
1318900
1320210
1325100
1325440
1325810
1326050
1326350
1328020
1345460
1363220
1381540
1399330
1400500
1401770
1402040
1402220
1402240
1402730
1405680
1408270
1408750
1410630
1412920
1414880
1418080
1418500
1423850
1427500
1429120
1431000
1435490
1440000
1440660
1442330
1443140
1443860
1444960
1445330
1447450
1454210
1475720
1478280
1479410
1488210
1488520
1489260
1490520
1494880
1501430
1509490
1514800
1516740
1519460
1521350
1524600
1525340
1532890
1535020
1535890
1536450
1538560
1538690
1539230
1540750
1542320
1542830
1542940
1544800
1544880
1546700
1566650
1566760
1568140
1574520
1578510
1587270
1588800
1588990
1589960
1590350
1591770
1591790
1595680
1596960
1597380
1597620
1598420
1601490
1602790
1606070
1608030
1609400
1617250
1617810
1618670
1619020
1622620
1623800
1624650
1628320
1629540
1631550
1642240
1642370
1642410
1643110
1644470
1644570
1647340
1647370
1648710
1650980
1651040
1652470
1652590
1652790
1652820
1654650
1655240
1657300
1657370
1657940
1658130
1658380
1658690
1658790
1659660
1659850
1660650
1660720
1660730
1660830
1661050
1661660
1662780
1663350
1664330
1665410
1666060
1666350
1666580
1668370
1668900
1669540
1670400
1673170
1689380
1699150
1702520
1703590
1704580
1711660
1714870
1723670
1724820
1728070
1728790
1728930
1728990
1730200
1732040
1732200
1746360
1750730
1757070
1761410
1765110
1768290
1768750
1768760
1771080
1772290
1773610
1775280
1775910
1776770
1779140
1779820
1788550
1789610
1790660
1792420
1794080
1794260
1795590
1796730
1797920
1798960
1799540
1799640
1805630
1806390
1806990
1807180
1812190
1814760
1819910
1821240
1821470
1823240
1823960
1835130
1835300
1835900
1835990
1839720
1840680
1840930
1843210
1845990
1846110
1849030
1849180
1852270
1856960
1857820
1858800
1859440
1861790
1862510
1864920
1865190
1866270
1866520
1866550
1866940
1867220
1868660
1868690
1870820
1870980
1871040
1871320
1875010
1877740
1878860
1879930
1881400
1887210
1887390
1888250
1888400
1890150
1891050
1891180
1891200
1891730
1891910
1892480
1893160
1893610
1894180
1894620
1895510
1897390
1897620
1898230
1898510
1898800
1899510
1899860
1900840
1901080
1902000
1903010
1904110
1904340
1907160
1907530
1907840
1908910
1909110
1910640
1910940
1911210
1911480
1913340
1913390
1913650
1913910
1914860
1914930
1915390
1915570
1915640
1916030
1917250
1917690
1918910
1919660
1919890
1920220
1920350
1920590
1921410
1921420
1921800
1923260
1923370
1923740
1923980
1924260
1924750
1925260
1926150
1926580
1928170
1928720
1929920
1931450
1932090
1932510
1932620
1932930
1933120
1933200
1934170
1935010
1935260
1935270
1935390
1935650
1935700
1936340
1936870
1936910
1937760
1937870
1938570
1939030
1940810
1941560
1942090
1942800
1943100
1943320
1943900
1945830
1946000
1946500
1946800
1946910
1946920
1947520
1947590
1947760
1947770
1947830
1947840
1948070
1948270
1948320
1948610
1948710
1949060
1949070
1949430
1949450
1949530
1949830
1950010
1950100
1950260
1950740
1951270
1951360
1951570
1951770
1952070
1952110
1952410
1952600
1952610
1952660
1952700
1952830
1952940
1953160
1953260
1953290
1953480
1954120
1954220
1954700
1954730
1955430
1955460
1955660
1956010
1956080
1956150
1956450
1956540
1956780
1956870
1956900
1956970
1957050
1957290
1957470
1957950
1958030
1958080
1958110
1958450
1958480
1958840
1959270
1959320
1959590
1960130
1960370
1960390
1960410
1960420
1960690
1960750
1960940
1960960
1961070
1961350
1961360
1961470
1961700
1961900
1962250
1962280
1962300
1962340
1962620
1962830
1963100
1963380
1963650
1963700
1963770
1963820
1964160
1964170
1964390
1964550
1964660
1964710
1964730
1964910
1965080
1965500
1965510
1965810
1966050
1966250
1966320
1966350
1966510
1966710
1966760
1966790
1966990
1967080
1967600
1967720
1967730
1968070
1968090
1968370
1968900
1969090
1969270
1969290
1969450
1969540
1969580
1969660
1970130
1970190
1970390
1970810
1970880
1970990
1971030
1971040
1971060
1971550
1971860
1972210
1972430
1972530
1972620
1972700
1973120
1973340
1973480
1973520
1974140
1974180
1974430
1974450
1975130
1975200
1975250
1975630
1975740
1975870
1975880
1976010
1976150
1976340
1976370
1976420
1976560
1976790
1977020
1977080
1977180
1977210
1977400
1977650
1977790
1977820
1977860
1978120
1978270
1978310
1978410
1978530
1978600
1978770
1979010
1979250
1979710
1979750
1979770
1979780
1979840
1979870
1980110
1980210
1980370
1980640
1980960
1980970
1981150
1981280
1981990
1982400
1982570
1982580
1982710
1982770
1982780
1982890
1983030
1983040
1983310
1983440
1983810
1984100
1984280
1984500
1984700
1984780
1984970
1985280
1985330
1985480
1985730
1985890
1986050
1986090
1986110
1986140
1986220
1986260
1987090
1987180
1987430
1987740
1987850
1987930
1988160
1988180
1988220
1988230
1988420
1988450
1988480
1988840
1989400
1989550
1989590
1989810
1989830
1990120
1990150
1990170
1990640
1990750
1990950
1990970
1991560
1991730
1991740
1992330
1992690
1992720
1992730
1992900
1992910
1993020
1993040
1993130
1993250
1993500
1993690
1994150
1994250
1994340
1994580
1995020
1995140
1995150
1995200
1995610
1995770
1995860
1996110
1996120
1996150
1996170
1996400
1996480
1996560
1996860
1996950
1996960
1997000
1997100
1997180
1997350
1997600
1997720
1997760
1997820
1998080
1998210
1998480
1999200
1999340
1999410
1999420
1999440
1999480
1999580
1999640
1999690
2000080
2000330
2000410
2000620
2000640
2000660
2001100
2001390
2001450
2001490
2001540
2001550
2001600
2001740
2001820
2001950
2002040
2002490
2002750
2002910
2002960
2003120
2003250
2003290
2003480
2003720
2003780
2003820
2003850
2003890
2003980
2004000
2004150
2004310
2004350
2004470
2004560
2004690
2004920
2005200
2005450
2005620
2005840
2005940
2006100
2006150
2006240
2006590
2006780
2006850
2006880
2006980
2007090
2007330
2007340
2008140
2008150
2008160
2008190
2008340
2008520
2008540
2008660
2008690
2008970
2009050
2009060
2009590
2009660
2009680
2009710
2009810
2009870
2009910
2010090
2010190
2010230
2010430
2010590
2010810
2011050
2011090
2011280
2011380
2011390
2011450
2011660
2011680
2011930
2012060
2012110
2012130
2012150
2012230
2012350
2012400
2012480
2012640
2012810
2012860
2012870
2012980
2013100
2013200
2013260
2013310
2013410
2013450
2013470
2013490
2013560
2013570
2013810
2013840
2013930
2013940
2013960
2013980
2014190
2014250
2014290
2014450
2014640
2014700
2014710
2014730
2015150
2015290
2015350
2015400
2015570
2015590
2015730
2015800
2015870
2015920
2015970
2015980
2016150
2016340
2016360
2016520
2016630
2016860
2016870
2016920
2016930
2017070
2017180
2017240
2017250
2017280
2017310
2017320
2017390
2017470
2017650
2017690
2017710
2017810
2018090
2018150
2018170
2018180
2018200
2018290
2018390
2018400
2018470
2018590
2018620
2018630
2018650
2018680
2018690
2018710
2018750
2018770
2018800
2018880
2018890
2018970
2019030
2019120
2019150
2019430
2019450
2019480
2019500
2019600
2019780
2019890
2019900
2019930
2020050
2020060
2020140
2020200
2020230
2020240
2020250
2020280
2020290
2020300
2020320
2020350
2020360
2020370
2020390
2020410
2020440
2020580
2020600
2020620
2020720
2020740
2020760
2020810
2020820
2020890
2020900
2020940
2020970
2021020
2021150
2021160
2021400
2021420
2021450
2021470
2021490
2021810
2021890
2021920
2022200
2022240
2022320
2022340
2022430
2022580
2022660
2022720
2022730
2022840
2022870
2022940
2023040
2023100
2023290
2023410
2023470
2023570
2023660
2023700
2023750
2023830
2023870
2024000
2024020
2024060
2024180
2024200
2024250
2024540
2024850
2024960
2025010
2025350
2025400
2025430
2025690
2025940
2026110
2026200
2026210
2026220
2026320
2026360
2026600
2026610
2026620
2026680
2026780
2027020
2027080
2027320
2027500
2027620
2027640
2027770
2027800
2027900
2027950
2027980
2027990
2050240
2050410
2050500
2050610
2050880
2051070
2051260
2051430
2051550
2051610
2051790
2051800
2051810
2051860
2051930
2051950
2051980
2052330
2052400
2052440
2052470
2052500
2052620
2052800
2052850
2052930
2052980
2053120
2053150
2053180
2053420
2053430
2053480
2053500
2053550
2053720
2053780
2054210
2054490
2054550
2054630
2054840
2054960
2055040
2055080
2055250
2055340
2055520
2055610
2055640
2055710
2055900
2055950
2056140
2056230
2056350
2056660
2056950
2057050
2057140
2057160
2057390
2057480
2057530
2057960
2058080
2058710
2059470
2059950
2060030
