380110
437440
1029190
1078270
1121670
1161000
1231560
1240160
1301500
1309760
1334110
1337610
1352120
1362840
1478260
1490340
1593510
1609780
1612470
1666800
1669970
1697070
1697110
1750050
1786950
1789220
1798750
1801110
1828800
1833570
1856300
1860200
1865750
1866090
1867830
1872620
1875600
1880870
1884060
1890500
1896310
1898920
1906470
1911650
1913420
1917870
1918480
1918650
1921390
1924850
1924970
1926830
1936300
1937160
1937960
1939490
1946600
1947470
1953470
1958570
1961160
1962910
1965070
1969040
1971680
