380110
426870
437440
751230
768200
909750
942220
1019050
1029190
1029650
1069160
1074740
1078270
1092530
1120330
1121670
1136690
1161000
1198970
1211600
1223720
1226030
1231560
1236170
1240160
1263170
1284730
1301500
1309760
1319310
1324150
1334110
1337610
1352120
1362840
1400850
1402120
1403030
1417570
1419390
1425180
1429880
1446780
1478260
1483820
1490340
1497910
1514040
1518220
1521390
1535560
1537490
1539760
1545430
1549600
1553870
1571260
1587920
1588560
1588860
1593510
1596400
1602090
1603950
1608330
1609780
1612470
1619310
1621130
1632630
1659150
1666800
1669970
1677590
1695890
1697070
1697110
1700630
1716450
1719710
1724100
1724490
1750050
1751500
1753280
1753420
1757490
1766000
1775230
1778860
1786580
1786950
1789220
1791200
1793530
1798750
1801110
1804780
1828800
1828830
1833080
1833570
1854570
1856300
1860200
1864400
1865750
1866090
1867830
1872410
1872620
1875600
1880870
1884060
1885400
1890500
1892490
1896310
1898920
1899730
1901540
1903060
1906470
1909850
1910470
1911650
1912940
1913420
1913730
1917870
1918480
1918650
1920080
1920840
1921390
1924850
1924970
1926830
1929540
1934350
1936300
1936790
1937160
1937960
1939490
1939790
1945850
1946600
1947470
1950440
1951210
1951230
1953470
1953660
1954590
1957010
1958570
1958890
1959520
1959540
1961160
1961330
1961970
1962910
1965070
1966280
1966380
1969040
1971590
1971680
1971740
