347800
380110
410740
429380
437440
546120
572510
594230
597060
619390
624950
638510
645720
652620
670510
681850
690210
690290
694990
705510
715400
748020
756800
772710
776660
782250
787920
816600
826470
837350
837880
840880
844670
849100
852780
882590
885510
917140
927760
928000
949480
951820
956270
957660
962090
973230
980170
981830
995680
1001270
1008860
1013570
1016360
1020910
1027650
1029030
1029190
1031460
1035760
1039360
1043780
1046760
1057630
1059980
1060230
1061910
1066680
1067220
1068410
1070260
1076120
1078270
1080450
1087030
1088750
1097910
1101120
1104920
1110620
1116170
1121670
1122360
1129360
1130380
1131670
1132980
1135220
1135310
1136380
1142570
1146420
1150760
1151130
1151380
1155970
1156060
1156350
1156380
1161000
1162860
1163930
1164940
1167150
1170080
1171340
1175770
1176060
1176470
1180130
1189100
1189220
1195420
1201230
1223230
1225790
1228500
1231560
1233070
1234180
1234460
1234990
1238450
1240160
1243160
1245560
1247580
1250090
1251040
1251580
1251960
1253410
1257280
1261430
1262350
1263940
1265500
1266340
1266700
1267070
1268420
1268800
1271310
1271900
1275670
1276810
1281190
1281830
1281860
1282410
1283980
1285860
1288910
1290960
1290980
1291860
1293300
1293460
1293730
1294260
1297030
1298270
1298620
1299860
1301500
1305150
1305780
1306770
1306970
1307740
1308940
1309760
1312060
1313140
1318740
1319400
1319460
1323830
1324350
1327920
1331510
1331550
1332450
1332730
1334110
1335520
1337610
1337760
1346360
1352120
1355200
1358370
1360390
1360660
1360810
1362840
1363680
1366200
1366840
1367710
1368540
1374970
1381520
1382980
1383520
1388350
1390410
1392560
1392980
1394650
1395710
1403310
1405040
1406490
1407180
1409760
1410090
1411740
1412890
1415280
1415890
1417930
1419060
1425760
1425830
1426010
1427340
1428090
1428710
1428770
1429500
1431430
1432340
1434250
1434910
1435470
1443470
1443850
1449550
1449920
1452070
1453900
1454540
1454730
1456000
1460010
1461930
1464220
1466580
1469920
1470930
1471700
1473250
1474050
1474480
1477070
1477470
1478260
1479090
1479400
1480220
1481910
1487270
1488310
1488430
1489110
1489590
1490340
1490800
1490870
1491460
1491950
1492070
1492120
1492750
1493260
1494280
1494810
1497330
1498060
1499700
1500280
1506680
1512050
1513430
1514190
1514460
1514880
1515570
1516730
1518650
1520760
1521070
1521230
1525050
1525580
1526140
1526870
1526930
1527890
1528280
1528330
1529780
1530800
1531490
1532240
1532460
1533410
1535240
1535420
1538300
1538730
1538900
1540350
1540650
1542110
1542140
1542550
1546060
1546820
1547670
1547860
1549540
1551190
1552160
1553180
1553660
1556490
1557180
1557820
1558830
1561090
1561380
1563250
1565250
1568460
1569200
1571100
1573090
1573100
1573860
1574130
1574480
1574500
1574780
1575470
1576280
1577510
1577690
1578440
1578500
1579280
1579330
1579390
1580520
1581790
1582410
1583080
1583090
1585220
1586220
1587540
1588700
1589120
1589610
1592200
1592280
1592360
1593030
1593170
1593510
1593780
1594200
1594460
1594690
1596190
1596360
1597610
1598030
1599070
1599980
1601740
1602030
1602110
1602160
1602540
1602560
1602620
1608370
1608670
1609740
1609780
1611120
1612470
1612770
1613670
1614550
1614990
1619560
1620290
1622010
1622110
1623120
1623520
1625460
1626840
1629210
1629530
1630420
1631350
1632100
1636660
1637320
1637400
1639710
1640150
1642630
1643560
1643850
1647420
1648760
1649730
1650810
1652460
1655940
1658540
1658700
1658960
1659090
1660080
1663250
1663320
1664390
1665190
1666800
1667360
1667750
1668310
1669970
1674640
1675040
1676130
1677720
1678570
1678880
1679210
1681840
1682060
1682340
1683340
1683370
1683660
1684930
1685510
1685870
1687300
1687470
1688350
1688720
1689080
1690180
1690190
1692340
1697070
1697110
1698280
1701330
1701560
1702390
1702840
1703180
1703380
1704730
1705140
1705180
1706550
1706980
1707220
1707260
1707790
1707850
1707970
1708320
1709050
1709170
1709190
1709540
1711620
1712050
1713130
1714770
1715350
1715390
1715980
1716330
1716600
1716810
1716820
1718130
1718700
1719310
1722120
1722660
1723540
1723560
1724140
1724390
1725220
1725360
1726120
1726760
1727180
1727400
1727500
1727550
1728180
1728390
1728840
1728980
1729180
1729190
1729410
1730650
1730930
1731460
1732090
1732220
1733680
1734130
1734230
1738540
1739620
1740230
1741160
1741400
1742730
1743200
1743470
1743570
1743830
1743930
1744760
1744820
1745020
1745700
1745810
1747790
1748160
1748300
1748650
1749140
1750050
1750450
1750710
1751730
1752260
1755030
1755680
1757060
1758250
1758480
1761870
1763030
1763180
1766010
1766080
1767010
1767170
1768470
1768780
1769270
1772530
1773700
1774200
1774940
1776000
1776840
1777060
1778620
1780550
1781110
1781960
1785300
1786830
1786930
1786950
1787100
1787120
1789220
1789310
1789600
1790330
1790360
1790370
1790610
1791970
1793810
1794430
1795470
1796870
1797630
1798750
1801110
1802670
1803400
1803590
1803760
1803820
1804270
1804610
1804890
1804980
1805170
1805680
1806960
1807260
1808570
1808870
1809540
1810530
1812090
1812910
1812950
1812970
1813860
1814230
1814380
1815570
1816050
1816710
1817240
1818230
1818450
1818690
1819450
1819610
1820270
1820570
1821340
1821850
1822030
1822230
1822580
1824110
1825110
1825210
1826020
1826770
1827260
1827640
1827700
1828490
1828700
1828800
1829010
1829260
1829700
1829740
1829920
1831410
1831700
1831740
1831800
1831830
1832030
1832090
1832950
1833490
1833570
1834010
1834640
1834740
1835190
1835470
1835570
1835970
1836390
1836450
1837340
1837400
1837690
1838480
1839090
1840280
1840610
1840660
1840790
1840820
1841150
1841190
1841240
1841830
1842880
1842940
1843110
1844120
1844150
1845740
1846940
1847380
1847930
1848070
1848540
1848580
1848590
1848710
1848860
1849270
1849850
1851560
1851840
1853760
1854250
1854580
1855580
1856300
1856830
1857660
1857840
1857980
1858120
1858450
1858650
1858760
1859180
1859940
1860200
1860280
1860560
1860700
1861090
1861250
1861440
1861450
1861500
1861530
1862520
1865060
1865750
1866090
1867510
1867810
1867830
1868000
1868060
1868070
1868140
1869490
1869560
1869570
1870400
1870790
1871310
1871450
1871990
1872620
1873080
1873510
1873810
1873870
1874260
1874630
1875600
1876010
1876060
1876430
1877780
1878290
1878720
1880330
1880360
1880490
1880720
1880840
1880870
1881280
1882710
1883370
1884060
1884510
1884610
1885080
1885200
1885370
1885660
1885750
1885930
1886210
1886290
1887020
1887340
1888640
1889370
1890270
1890500
1891250
1891350
1891920
1892040
1892100
1892210
1892370
1892460
1892750
1893370
1893620
1894790
1894860
1896200
1896310
1896700
1896810
1896900
1897010
1898180
1898560
1898610
1898790
1898880
1898920
1899200
1900020
1900300
1900890
1901690
1901950
1902150
1902710
1902850
1903510
1904860
1905080
1905150
1905900
1906470
1908480
1909100
1909260
1909740
1909750
1910000
1910180
1910360
1910630
1910910
1911200
1911420
1911650
1912490
1912560
1913140
1913200
1913420
1913530
1913900
1914390
1914940
1914980
1916090
1916690
1917020
1917390
1917820
1917870
1917950
1918270
1918320
1918420
1918480
1918650
1919140
1919240
1919440
1919600
1919960
1920100
1921170
1921390
1921520
1922020
1922060
1922610
1922800
1922940
1922990
1923070
1923500
1923720
1923850
1924380
1924390
1924850
1924970
1925660
1925850
1926270
1926390
1926440
1926510
1926830
1927570
1928370
1928380
1928850
1929460
1929500
1930300
1930350
1930600
1930830
1931010
1931020
1931470
1932360
1932810
1933070
1933450
1933510
1933730
1934080
1934520
1934540
1934700
1934800
1935420
1935620
1936180
1936240
1936270
1936300
1936360
1936710
1936900
1936990
1937110
1937160
1937180
1937510
1937670
1937720
1937750
1937960
1938360
1938620
1939350
1939490
1939700
1939770
1940360
1940380
1941310
1941370
1941410
1941640
1941890
1942000
1942280
1943020
1944570
1944910
1944960
1945110
1945230
1945250
1945780
1945860
1946490
1946550
1946600
1946810
1946970
1947470
1947750
1947810
1948090
1948150
1948800
1948930
1948940
1948960
1949010
1949190
1949440
1949890
1950200
1950490
1950570
1950770
1950920
1951490
1951560
1951700
1951800
1952270
1952340
1952400
1952550
1952740
1952780
1952930
1952950
1952960
1952970
1952980
1952990
1953100
1953470
1953550
1953630
1953670
1953860
1954440
1955030
1955640
1955820
1956350
1956790
1956860
1956930
1957070
1957430
1957680
1958020
1958130
1958570
1959390
1959530
1959840
1960330
1960400
1960570
1960610
1960800
1960930
1961160
1961260
1961310
1961520
1962130
1962560
1962590
1962760
1962890
1962910
1963190
1963780
1964040
1964360
1964560
1964590
1964630
1964770
1964970
1965060
1965070
1965190
1965390
1965440
1965470
1965560
1965620
1967510
1967630
1967940
1968500
1968540
1968720
1968730
1968790
1968830
1969040
1969080
1969260
1969430
1969530
1969620
1969650
1969820
1969920
1970020
1970030
1970220
1970300
1970460
1971310
1971560
1971680
1971750
1972410
1972470
1972640
1973320
1973600
1973640
1974070
1974250
1974550
1974610
1975350
1975370
1975790
1976100
1976230
1976290
1976690
1977000
1977220
1977770
1978330
1978590
1979350
1995590
